1	9
2	3
3	5
4	3
5	4
6	8
7	7
8	7
9	9
10	7
11	5
12	9
13	9
14	4
15	5
16	6
17	7
18	9
19	9
20	9
21	5
22	9
23	9
24	6
25	9
26	9
27	8
28	7
29	9
30	8
31	8
32	6
33	5
34	7
35	9
36	4
37	5
38	9
39	5
40	4
41	7
42	6
43	5
44	9
45	8
46	9
47	9
48	9
49	9
50	8
51	9
52	8
53	6
54	9
55	8
56	9
57	7
58	9
59	9
60	9
61	8
62	9
63	8
64	9
65	9
66	5
67	6
68	9
69	7
70	7
71	8
72	8
73	8
74	9
75	9
76	7
77	7
78	9
79	6
80	9
81	6
82	7
83	9
84	4
85	5
86	7
87	4
88	4
89	6
90	6
91	2
92	8
93	6
94	8
95	4
96	7
97	7
98	7
99	9
100	5
101	7
102	8
103	9
104	9
105	9
106	9
107	9
108	9
109	9
110	9
111	9
112	7
113	7
114	9
115	7
116	6
117	9
118	8
119	8
120	9
121	4
122	7
123	7
124	4
125	4
126	5
127	4
128	4
129	5
130	8
131	4
132	2
133	6
134	5
135	4
136	3
137	6
138	7
139	5
140	5
141	5
142	8
143	6
144	3
145	8
146	7
147	3
148	5
149	7
150	4
151	5
152	5
153	4
154	6
155	6
156	6
157	7
158	7
159	6
160	9
161	9
162	5
163	4
164	5
165	5
166	8
167	8
168	8
169	7
170	5
171	6
172	5
173	7
174	7
175	5
176	8
177	5
178	3
179	3
180	7
181	6
182	5
183	3
184	6
185	6
186	3
187	7
188	8
189	5
190	4
191	7
192	9
193	5
194	9
195	8
196	5
197	6
198	8
199	7
200	7
201	9
202	7
203	9
204	9
205	9
206	9
207	6
208	7
209	9
210	9
211	9
212	7
213	7
214	9
215	9
216	9
217	8
218	9
219	9
220	6
221	9
222	9
223	4
224	9
225	6
226	9
227	8
228	9
229	9
230	9
231	8
232	7
233	7
234	9
235	9
236	6
237	9
238	9
239	5
240	3
241	9
242	9
243	7
244	3
245	8
246	9
247	7
248	3
249	4
250	9
251	9
252	3
253	6
254	7
255	9
256	5
257	6
258	9
259	9
260	8
261	6
262	6
263	9
264	9
265	8
266	9
267	4
268	4
269	7
270	9
271	3
272	3
273	4
274	5
275	9
276	9
277	3
278	7
279	4
280	5
281	9
282	5
283	4
284	7
285	9
286	6
287	5
288	8
289	8
290	4
291	6
292	7
293	6
294	9
295	9
296	9
297	9
298	9
299	9
300	8
301	8
302	5
303	9
304	9
305	7
306	9
307	9
308	7
309	9
310	9
311	9
312	9
313	7
314	9
315	9
316	6
317	5
318	9
319	9
320	9
321	7
322	6
323	8
324	9
325	5
326	7
327	8
328	9
329	5
330	5
331	9
332	4
333	7
334	9
335	9
336	7
337	9
338	9
339	9
340	7
341	9
342	9
343	8
344	8
345	6
346	9
347	9
348	9
349	3
350	9
351	7
352	4
353	5
354	9
355	3
356	9
357	9
358	7
359	5
360	7
361	9
362	9
363	9
364	6
365	7
366	9
367	9
368	9
369	9
370	5
371	8
372	6
373	4
374	9
375	5
376	3
377	3
378	7
379	3
380	4
381	4
382	4
383	7
384	7
385	9
386	9
387	8
388	7
389	9
390	9
391	8
392	9
393	8
394	8
395	9
396	9
397	8
398	4
399	9
400	9
401	5
402	4
403	8
404	4
405	6
406	8
407	5
408	9
409	9
410	9
411	9
412	7
413	5
414	7
415	8
416	4
417	9
418	3
419	3
420	3
421	5
422	1
423	3
424	5
425	8
426	3
427	4
428	6
429	3
430	5
431	4
432	6
433	4
434	9
435	8
436	9
437	5
438	7
439	9
440	9
441	5
442	7
443	9
444	5
445	5
446	6
447	5
448	4
449	9
450	6
451	8
452	3
453	7
454	4
455	7
456	3
457	9
458	8
459	3
460	1
461	1
462	3
463	9
464	9
465	9
466	6
467	5
468	7
469	9
470	4
471	5
472	7
473	5
474	4
475	9
476	4
477	9
478	7
479	3
480	9
481	4
482	4
483	5
484	9
485	6
486	3
487	3
488	4
489	5
490	1
491	4
492	3
493	8
494	5
495	4
496	4
497	2
498	3
499	4
500	3
501	3
502	6
503	4
504	3
505	3
506	1
507	5
508	3
509	3
510	2
511	1
512	8
513	4
514	6
515	8
516	5
517	3
518	9
519	6
520	9
521	5
522	3
523	7
524	3
525	4
526	9
527	3
528	5
529	5
530	3
531	2
532	3
533	5
534	8
535	2
536	7
537	6
538	6
539	5
540	5
541	9
542	4
543	5
544	3
545	4
546	3
547	3
548	3
549	4
550	5
551	3
552	7
553	5
554	7
555	7
556	9
557	9
558	9
559	8
560	9
561	9
562	9
563	9
564	9
565	7
566	8
567	4
568	9
569	4
570	4
571	2
572	4
573	8
574	3
575	7
576	6
577	5
578	5
579	9
580	9
581	9
582	3
583	3
584	4
585	9
586	8
587	6
588	6
589	9
590	8
591	9
592	7
593	4
594	9
595	9
596	5
597	4
598	7
599	7
600	8
601	2
602	3
603	4
604	4
605	5
606	1
607	5
608	1
609	4
610	4
611	5
612	6
613	9
614	1
615	4
616	5
617	2
618	1
619	1
620	1
621	5
622	2
623	4
624	4
625	4
626	3
627	4
628	3
629	3
630	1
631	1
632	1
633	1
634	3
635	1
636	4
637	8
638	1
639	8
640	9
641	9
642	8
643	7
644	9
645	7
646	5
647	5
648	3
649	4
650	1
651	7
652	3
653	1
654	3
655	5
656	4
657	1
658	1
659	3
660	3
661	1
662	4
663	4
664	3
665	3
666	5
667	9
668	9
669	7
670	1
671	4
672	5
673	9
674	8
675	9
676	7
677	5
678	9
679	8
680	5
681	5
682	9
683	5
684	3
685	4
686	5
687	4
688	2
689	5
690	2
